F -- turned cube: 
\begin{equation*}
\begin{bmatrix}
1.69916e-08 & 8.73677e-06 & -0.00253715 \\ -4.82891e-06 & 5.61749e-06 & -0.0834156 \\ 0.00154827 & 0.0778403 & 1
\end{bmatrix}
\end{equation*}

E -- turned cube: 
\begin{equation*}
\begin{bmatrix}
0.000290298 & 0.0872629 & -0.00138408 \\ -0.0477024 & 0.0274256 & -0.998478 \\ 0.00538237 & 0.995799 & 0.0274246
\end{bmatrix}
\end{equation*}

R -- turned cube: 
\begin{equation*}
\begin{bmatrix}
0.990856 & -0.00543455 & -0.134813 \\ -0.00915855 & -0.999593 & -0.0270186 \\ -0.134611 & 0.0280063 & -0.990503
\end{bmatrix}
\end{equation*}

T -- turned cube: 
\begin{equation*}
\begin{bmatrix}
0.996184 & -0.00377576 & -0.0871926
\end{bmatrix}
\end{equation*}

F -- turned cube: 
\begin{equation*}
\begin{bmatrix}
1.69916e-08 & 8.73677e-06 & -0.00253715 \\ -4.82891e-06 & 5.61749e-06 & -0.0834156 \\ 0.00154827 & 0.0778403 & 1
\end{bmatrix}
\end{equation*}

E -- turned cube: 
\begin{equation*}
\begin{bmatrix}
0.000290298 & 0.0872629 & -0.00138408 \\ -0.0477024 & 0.0274256 & -0.998478 \\ 0.00538237 & 0.995799 & 0.0274246
\end{bmatrix}
\end{equation*}

R -- turned cube: 
\begin{equation*}
\begin{bmatrix}
0.990856 & -0.00543455 & -0.134813 \\ -0.00915855 & -0.999593 & -0.0270186 \\ -0.134611 & 0.0280063 & -0.990503
\end{bmatrix}
\end{equation*}

T -- turned cube: 
\begin{equation*}
\begin{bmatrix}
0.996184 & -0.00377576 & -0.0871926
\end{bmatrix}
\end{equation*}

F -- turned cube: 
\begin{equation*}
\begin{bmatrix}
1.69916e-08 & 8.73677e-06 & -0.00253715 \\ -4.82891e-06 & 5.61749e-06 & -0.0834156 \\ 0.00154827 & 0.0778403 & 1
\end{bmatrix}
\end{equation*}

E -- turned cube: 
\begin{equation*}
\begin{bmatrix}
0.000290298 & 0.0872629 & -0.00138408 \\ -0.0477024 & 0.0274256 & -0.998478 \\ 0.00538237 & 0.995799 & 0.0274246
\end{bmatrix}
\end{equation*}

R -- turned cube: 
\begin{equation*}
\begin{bmatrix}
0.990856 & -0.00543455 & -0.134813 \\ -0.00915855 & -0.999593 & -0.0270186 \\ -0.134611 & 0.0280063 & -0.990503
\end{bmatrix}
\end{equation*}

T -- turned cube: 
\begin{equation*}
\begin{bmatrix}
0.996184 & -0.00377576 & -0.0871926
\end{bmatrix}
\end{equation*}

F -- turned cube: 
\begin{equation*}
\begin{bmatrix}
1.69916e-08 & 8.73677e-06 & -0.00253715 \\ -4.82891e-06 & 5.61749e-06 & -0.0834156 \\ 0.00154827 & 0.0778403 & 1
\end{bmatrix}
\end{equation*}

E -- turned cube: 
\begin{equation*}
\begin{bmatrix}
0.000290298 & 0.0872629 & -0.00138408 \\ -0.0477024 & 0.0274256 & -0.998478 \\ 0.00538237 & 0.995799 & 0.0274246
\end{bmatrix}
\end{equation*}

R -- turned cube: 
\begin{equation*}
\begin{bmatrix}
0.990856 & -0.00543455 & -0.134813 \\ -0.00915855 & -0.999593 & -0.0270186 \\ -0.134611 & 0.0280063 & -0.990503
\end{bmatrix}
\end{equation*}

T -- turned cube: 
\begin{equation*}
\begin{bmatrix}
0.996184 & -0.00377576 & -0.0871926
\end{bmatrix}
\end{equation*}

F -- turned cube: 
\begin{equation*}
\begin{bmatrix}
1.69916e-08 & 8.73677e-06 & -0.00253715 \\ -4.82891e-06 & 5.61749e-06 & -0.0834156 \\ 0.00154827 & 0.0778403 & 1
\end{bmatrix}
\end{equation*}

E -- turned cube: 
\begin{equation*}
\begin{bmatrix}
0.000290298 & 0.0872629 & -0.00138408 \\ -0.0477024 & 0.0274256 & -0.998478 \\ 0.00538237 & 0.995799 & 0.0274246
\end{bmatrix}
\end{equation*}

R -- turned cube: 
\begin{equation*}
\begin{bmatrix}
0.990856 & -0.00543455 & -0.134813 \\ -0.00915855 & -0.999593 & -0.0270186 \\ -0.134611 & 0.0280063 & -0.990503
\end{bmatrix}
\end{equation*}

T -- turned cube: 
\begin{equation*}
\begin{bmatrix}
0.996184 & -0.00377576 & -0.0871926
\end{bmatrix}
\end{equation*}

F -- turned cube: 
\begin{equation*}
\begin{bmatrix}
1.69916e-08 & 8.73677e-06 & -0.00253715 \\ -4.82891e-06 & 5.61749e-06 & -0.0834156 \\ 0.00154827 & 0.0778403 & 1
\end{bmatrix}
\end{equation*}

E -- turned cube: 
\begin{equation*}
\begin{bmatrix}
0.000290298 & 0.0872629 & -0.00138408 \\ -0.0477024 & 0.0274256 & -0.998478 \\ 0.00538237 & 0.995799 & 0.0274246
\end{bmatrix}
\end{equation*}

R -- turned cube: 
\begin{equation*}
\begin{bmatrix}
0.990856 & -0.00543455 & -0.134813 \\ -0.00915855 & -0.999593 & -0.0270186 \\ -0.134611 & 0.0280063 & -0.990503
\end{bmatrix}
\end{equation*}

T -- turned cube: 
\begin{equation*}
\begin{bmatrix}
0.996184 & -0.00377576 & -0.0871926
\end{bmatrix}
\end{equation*}

F -- turned cube: 
\begin{equation*}
\begin{bmatrix}
1.69916e-08 & 8.73677e-06 & -0.00253715 \\ -4.82891e-06 & 5.61749e-06 & -0.0834156 \\ 0.00154827 & 0.0778403 & 1
\end{bmatrix}
\end{equation*}

E -- turned cube: 
\begin{equation*}
\begin{bmatrix}
0.000290298 & 0.0872629 & -0.00138408 \\ -0.0477024 & 0.0274256 & -0.998478 \\ 0.00538237 & 0.995799 & 0.0274246
\end{bmatrix}
\end{equation*}

R -- turned cube: 
\begin{equation*}
\begin{bmatrix}
0.990856 & -0.00543455 & -0.134813 \\ -0.00915855 & -0.999593 & -0.0270186 \\ -0.134611 & 0.0280063 & -0.990503
\end{bmatrix}
\end{equation*}

T -- turned cube: 
\begin{equation*}
\begin{bmatrix}
0.996184 & -0.00377576 & -0.0871926
\end{bmatrix}
\end{equation*}

F -- turned cube: 
\begin{equation*}
\begin{bmatrix}
1.69916e-08 & 8.73677e-06 & -0.00253715 \\ -4.82891e-06 & 5.61749e-06 & -0.0834156 \\ 0.00154827 & 0.0778403 & 1
\end{bmatrix}
\end{equation*}

E -- turned cube: 
\begin{equation*}
\begin{bmatrix}
0.000290298 & 0.0872629 & -0.00138408 \\ -0.0477024 & 0.0274256 & -0.998478 \\ 0.00538237 & 0.995799 & 0.0274246
\end{bmatrix}
\end{equation*}

R -- turned cube: 
\begin{equation*}
\begin{bmatrix}
0.990856 & -0.00543455 & -0.134813 \\ -0.00915855 & -0.999593 & -0.0270186 \\ -0.134611 & 0.0280063 & -0.990503
\end{bmatrix}
\end{equation*}

T -- turned cube: 
\begin{equation*}
\begin{bmatrix}
0.996184 & -0.00377576 & -0.0871926
\end{bmatrix}
\end{equation*}

F -- turned cube: 
\begin{equation*}
\begin{bmatrix}
1.69916e-08 & 8.73677e-06 & -0.00253715 \\ -4.82891e-06 & 5.61749e-06 & -0.0834156 \\ 0.00154827 & 0.0778403 & 1
\end{bmatrix}
\end{equation*}

E -- turned cube: 
\begin{equation*}
\begin{bmatrix}
0.000290298 & 0.0872629 & -0.00138408 \\ -0.0477024 & 0.0274256 & -0.998478 \\ 0.00538237 & 0.995799 & 0.0274246
\end{bmatrix}
\end{equation*}

R -- turned cube: 
\begin{equation*}
\begin{bmatrix}
0.990856 & -0.00543455 & -0.134813 \\ -0.00915855 & -0.999593 & -0.0270186 \\ -0.134611 & 0.0280063 & -0.990503
\end{bmatrix}
\end{equation*}

T -- turned cube: 
\begin{equation*}
\begin{bmatrix}
0.996184 & -0.00377576 & -0.0871926
\end{bmatrix}
\end{equation*}

F -- turned cube: 
\begin{equation*}
\begin{bmatrix}
1.69916e-08 & 8.73677e-06 & -0.00253715 \\ -4.82891e-06 & 5.61749e-06 & -0.0834156 \\ 0.00154827 & 0.0778403 & 1
\end{bmatrix}
\end{equation*}

E -- turned cube: 
\begin{equation*}
\begin{bmatrix}
0.000290298 & 0.0872629 & -0.00138408 \\ -0.0477024 & 0.0274256 & -0.998478 \\ 0.00538237 & 0.995799 & 0.0274246
\end{bmatrix}
\end{equation*}

R -- turned cube: 
\begin{equation*}
\begin{bmatrix}
0.990856 & -0.00543455 & -0.134813 \\ -0.00915855 & -0.999593 & -0.0270186 \\ -0.134611 & 0.0280063 & -0.990503
\end{bmatrix}
\end{equation*}

T -- turned cube: 
\begin{equation*}
\begin{bmatrix}
0.996184 & -0.00377576 & -0.0871926
\end{bmatrix}
\end{equation*}

F -- turned cube: 
\begin{equation*}
\begin{bmatrix}
1.69916e-08 & 8.73677e-06 & -0.00253715 \\ -4.82891e-06 & 5.61749e-06 & -0.0834156 \\ 0.00154827 & 0.0778403 & 1
\end{bmatrix}
\end{equation*}

E -- turned cube: 
\begin{equation*}
\begin{bmatrix}
0.000290298 & 0.0872629 & -0.00138408 \\ -0.0477024 & 0.0274256 & -0.998478 \\ 0.00538237 & 0.995799 & 0.0274246
\end{bmatrix}
\end{equation*}

R -- turned cube: 
\begin{equation*}
\begin{bmatrix}
0.990856 & -0.00543455 & -0.134813 \\ -0.00915855 & -0.999593 & -0.0270186 \\ -0.134611 & 0.0280063 & -0.990503
\end{bmatrix}
\end{equation*}

T -- turned cube: 
\begin{equation*}
\begin{bmatrix}
0.996184 & -0.00377576 & -0.0871926
\end{bmatrix}
\end{equation*}

F -- turned cube: 
\begin{equation*}
\begin{bmatrix}
1.69916e-08 & 8.73677e-06 & -0.00253715 \\ -4.82891e-06 & 5.61749e-06 & -0.0834156 \\ 0.00154827 & 0.0778403 & 1
\end{bmatrix}
\end{equation*}

E -- turned cube: 
\begin{equation*}
\begin{bmatrix}
0.000290298 & 0.0872629 & -0.00138408 \\ -0.0477024 & 0.0274256 & -0.998478 \\ 0.00538237 & 0.995799 & 0.0274246
\end{bmatrix}
\end{equation*}

R -- turned cube: 
\begin{equation*}
\begin{bmatrix}
0.990856 & -0.00543455 & -0.134813 \\ -0.00915855 & -0.999593 & -0.0270186 \\ -0.134611 & 0.0280063 & -0.990503
\end{bmatrix}
\end{equation*}

T -- turned cube: 
\begin{equation*}
\begin{bmatrix}
0.996184 & -0.00377576 & -0.0871926
\end{bmatrix}
\end{equation*}

F -- turned cube: 
\begin{equation*}
\begin{bmatrix}
1.69916e-08 & 8.73677e-06 & -0.00253715 \\ -4.82891e-06 & 5.61749e-06 & -0.0834156 \\ 0.00154827 & 0.0778403 & 1
\end{bmatrix}
\end{equation*}

E -- turned cube: 
\begin{equation*}
\begin{bmatrix}
0.000290298 & 0.0872629 & -0.00138408 \\ -0.0477024 & 0.0274256 & -0.998478 \\ 0.00538237 & 0.995799 & 0.0274246
\end{bmatrix}
\end{equation*}

R -- turned cube: 
\begin{equation*}
\begin{bmatrix}
0.990856 & -0.00543455 & -0.134813 \\ -0.00915855 & -0.999593 & -0.0270186 \\ -0.134611 & 0.0280063 & -0.990503
\end{bmatrix}
\end{equation*}

T -- turned cube: 
\begin{equation*}
\begin{bmatrix}
0.996184 & -0.00377576 & -0.0871926
\end{bmatrix}
\end{equation*}

F -- turned cube: 
\begin{equation*}
\begin{bmatrix}
1.69916e-08 & 8.73677e-06 & -0.00253715 \\ -4.82891e-06 & 5.61749e-06 & -0.0834156 \\ 0.00154827 & 0.0778403 & 1
\end{bmatrix}
\end{equation*}

E -- turned cube: 
\begin{equation*}
\begin{bmatrix}
0.000290298 & 0.0872629 & -0.00138408 \\ -0.0477024 & 0.0274256 & -0.998478 \\ 0.00538237 & 0.995799 & 0.0274246
\end{bmatrix}
\end{equation*}

R -- turned cube: 
\begin{equation*}
\begin{bmatrix}
0.990856 & -0.00543455 & -0.134813 \\ -0.00915855 & -0.999593 & -0.0270186 \\ -0.134611 & 0.0280063 & -0.990503
\end{bmatrix}
\end{equation*}

T -- turned cube: 
\begin{equation*}
\begin{bmatrix}
0.996184 & -0.00377576 & -0.0871926
\end{bmatrix}
\end{equation*}

F -- parallel cube: 
\begin{equation*}
\begin{bmatrix}
2.16243e-07 & 1.50848e-05 & -0.00938923 \\ -4.44753e-06 & 4.22347e-06 & -0.318471 \\ 0.00728704 & 0.313221 & 1
\end{bmatrix}
\end{equation*}

E -- parallel cube: 
\begin{equation*}
\begin{bmatrix}
0.000559038 & 0.0388508 & -0.0170599 \\ -0.0116103 & 0.00553807 & -0.999768 \\ 0.0195876 & 0.999039 & 0.00597645
\end{bmatrix}
\end{equation*}

R -- parallel cube: 
\begin{equation*}
\begin{bmatrix}
-0.999628 & 0.00246471 & -0.027144 \\ -0.0023159 & -0.999982 & -0.00551236 \\ 0.0271571 & 0.00544745 & -0.999616
\end{bmatrix}
\end{equation*}

T -- parallel cube: 
\begin{equation*}
\begin{bmatrix}
0.999099 & -0.0172802 & -0.0387574
\end{bmatrix}
\end{equation*}

F -- parallel cube: 
\begin{equation*}
\begin{bmatrix}
2.16243e-07 & 1.50848e-05 & -0.00938923 \\ -4.44753e-06 & 4.22347e-06 & -0.318471 \\ 0.00728704 & 0.313221 & 1
\end{bmatrix}
\end{equation*}

E -- parallel cube: 
\begin{equation*}
\begin{bmatrix}
0.000559038 & 0.0388508 & -0.0170599 \\ -0.0116103 & 0.00553807 & -0.999768 \\ 0.0195876 & 0.999039 & 0.00597645
\end{bmatrix}
\end{equation*}

R -- parallel cube: 
\begin{equation*}
\begin{bmatrix}
-0.999628 & 0.00246471 & -0.027144 \\ -0.0023159 & -0.999982 & -0.00551236 \\ 0.0271571 & 0.00544745 & -0.999616
\end{bmatrix}
\end{equation*}

T -- parallel cube: 
\begin{equation*}
\begin{bmatrix}
0.999099 & -0.0172802 & -0.0387574
\end{bmatrix}
\end{equation*}

F -- parallel cube: 
\begin{equation*}
\begin{bmatrix}
2.16243e-07 & 1.50848e-05 & -0.00938923 \\ -4.44753e-06 & 4.22347e-06 & -0.318471 \\ 0.00728704 & 0.313221 & 1
\end{bmatrix}
\end{equation*}

E -- parallel cube: 
\begin{equation*}
\begin{bmatrix}
0.000559038 & 0.0388508 & -0.0170599 \\ -0.0116103 & 0.00553807 & -0.999768 \\ 0.0195876 & 0.999039 & 0.00597645
\end{bmatrix}
\end{equation*}

R -- parallel cube: 
\begin{equation*}
\begin{bmatrix}
-0.999628 & 0.00246471 & -0.027144 \\ -0.0023159 & -0.999982 & -0.00551236 \\ 0.0271571 & 0.00544745 & -0.999616
\end{bmatrix}
\end{equation*}

T -- parallel cube: 
\begin{equation*}
\begin{bmatrix}
0.999099 & -0.0172802 & -0.0387574
\end{bmatrix}
\end{equation*}

F -- parallel cube: 
\begin{equation*}
\begin{bmatrix}
2.16243e-07 & 1.50848e-05 & -0.00938923 \\ -4.44753e-06 & 4.22347e-06 & -0.318471 \\ 0.00728704 & 0.313221 & 1
\end{bmatrix}
\end{equation*}

E -- parallel cube: 
\begin{equation*}
\begin{bmatrix}
0.000559038 & 0.0388508 & -0.0170599 \\ -0.0116103 & 0.00553807 & -0.999768 \\ 0.0195876 & 0.999039 & 0.00597645
\end{bmatrix}
\end{equation*}

R -- parallel cube: 
\begin{equation*}
\begin{bmatrix}
-0.999628 & 0.00246471 & -0.027144 \\ -0.0023159 & -0.999982 & -0.00551236 \\ 0.0271571 & 0.00544745 & -0.999616
\end{bmatrix}
\end{equation*}

T -- parallel cube: 
\begin{equation*}
\begin{bmatrix}
0.999099 & -0.0172802 & -0.0387574
\end{bmatrix}
\end{equation*}

F -- parallel cube: 
\begin{equation*}
\begin{bmatrix}
2.16243e-07 & 1.50848e-05 & -0.00938923 \\ -4.44753e-06 & 4.22347e-06 & -0.318471 \\ 0.00728704 & 0.313221 & 1
\end{bmatrix}
\end{equation*}

E -- parallel cube: 
\begin{equation*}
\begin{bmatrix}
0.000559038 & 0.0388508 & -0.0170599 \\ -0.0116103 & 0.00553807 & -0.999768 \\ 0.0195876 & 0.999039 & 0.00597645
\end{bmatrix}
\end{equation*}

R -- parallel cube: 
\begin{equation*}
\begin{bmatrix}
-0.999628 & 0.00246471 & -0.027144 \\ -0.0023159 & -0.999982 & -0.00551236 \\ 0.0271571 & 0.00544745 & -0.999616
\end{bmatrix}
\end{equation*}

T -- parallel cube: 
\begin{equation*}
\begin{bmatrix}
0.999099 & -0.0172802 & -0.0387574
\end{bmatrix}
\end{equation*}

F -- turned cube: 
\begin{equation*}
\begin{bmatrix}
1.69916e-08 & 8.73677e-06 & -0.00253715 \\ -4.82891e-06 & 5.61749e-06 & -0.0834156 \\ 0.00154827 & 0.0778403 & 1
\end{bmatrix}
\end{equation*}

E -- turned cube: 
\begin{equation*}
\begin{bmatrix}
0.000290298 & 0.0872629 & -0.00138408 \\ -0.0477024 & 0.0274256 & -0.998478 \\ 0.00538237 & 0.995799 & 0.0274246
\end{bmatrix}
\end{equation*}

R -- turned cube: 
\begin{equation*}
\begin{bmatrix}
0.990856 & -0.00543455 & -0.134813 \\ -0.00915855 & -0.999593 & -0.0270186 \\ -0.134611 & 0.0280063 & -0.990503
\end{bmatrix}
\end{equation*}

T -- turned cube: 
\begin{equation*}
\begin{bmatrix}
0.996184 & -0.00377576 & -0.0871926
\end{bmatrix}
\end{equation*}

F -- turned cube: 
\begin{equation*}
\begin{bmatrix}
1.69916e-08 & 8.73677e-06 & -0.00253715 \\ -4.82891e-06 & 5.61749e-06 & -0.0834156 \\ 0.00154827 & 0.0778403 & 1
\end{bmatrix}
\end{equation*}

E -- turned cube: 
\begin{equation*}
\begin{bmatrix}
0.000290298 & 0.0872629 & -0.00138408 \\ -0.0477024 & 0.0274256 & -0.998478 \\ 0.00538237 & 0.995799 & 0.0274246
\end{bmatrix}
\end{equation*}

R -- turned cube: 
\begin{equation*}
\begin{bmatrix}
0.990856 & -0.00543455 & -0.134813 \\ -0.00915855 & -0.999593 & -0.0270186 \\ -0.134611 & 0.0280063 & -0.990503
\end{bmatrix}
\end{equation*}

T -- turned cube: 
\begin{equation*}
\begin{bmatrix}
0.996184 & -0.00377576 & -0.0871926
\end{bmatrix}
\end{equation*}

F -- turned cube: 
\begin{equation*}
\begin{bmatrix}
1.69916e-08 & 8.73677e-06 & -0.00253715 \\ -4.82891e-06 & 5.61749e-06 & -0.0834156 \\ 0.00154827 & 0.0778403 & 1
\end{bmatrix}
\end{equation*}

E -- turned cube: 
\begin{equation*}
\begin{bmatrix}
0.000290298 & 0.0872629 & -0.00138408 \\ -0.0477024 & 0.0274256 & -0.998478 \\ 0.00538237 & 0.995799 & 0.0274246
\end{bmatrix}
\end{equation*}

R -- turned cube: 
\begin{equation*}
\begin{bmatrix}
0.990856 & -0.00543455 & -0.134813 \\ -0.00915855 & -0.999593 & -0.0270186 \\ -0.134611 & 0.0280063 & -0.990503
\end{bmatrix}
\end{equation*}

T -- turned cube: 
\begin{equation*}
\begin{bmatrix}
0.996184 & -0.00377576 & -0.0871926
\end{bmatrix}
\end{equation*}

F -- turned cube: 
\begin{equation*}
\begin{bmatrix}
1.69916e-08 & 8.73677e-06 & -0.00253715 \\ -4.82891e-06 & 5.61749e-06 & -0.0834156 \\ 0.00154827 & 0.0778403 & 1
\end{bmatrix}
\end{equation*}

E -- turned cube: 
\begin{equation*}
\begin{bmatrix}
0.000290298 & 0.0872629 & -0.00138408 \\ -0.0477024 & 0.0274256 & -0.998478 \\ 0.00538237 & 0.995799 & 0.0274246
\end{bmatrix}
\end{equation*}

R -- turned cube: 
\begin{equation*}
\begin{bmatrix}
0.990856 & -0.00543455 & -0.134813 \\ -0.00915855 & -0.999593 & -0.0270186 \\ -0.134611 & 0.0280063 & -0.990503
\end{bmatrix}
\end{equation*}

T -- turned cube: 
\begin{equation*}
\begin{bmatrix}
0.996184 & -0.00377576 & -0.0871926
\end{bmatrix}
\end{equation*}

F -- parallel real: 
\begin{equation*}
\begin{bmatrix}
-4.29676e-07 & 0.000150455 & -0.0132263 \\ -0.000137004 & -7.04904e-06 & -0.424941 \\ 0.0109562 & 0.417858 & 1
\end{bmatrix}
\end{equation*}

E -- parallel real: 
\begin{equation*}
\begin{bmatrix}
-0.0011441 & 0.256827 & 0.0494144 \\ -0.232793 & -0.00627945 & -0.971162 \\ -0.0506966 & 0.965185 & -0.00758867
\end{bmatrix}
\end{equation*}

R -- parallel real: 
\begin{equation*}
\begin{bmatrix}
-0.9997 & 0.000256749 & -0.0244807 \\ -0.000417606 & -0.999978 & 0.00656588 \\ 0.0244785 & -0.00657414 & -0.999679
\end{bmatrix}
\end{equation*}

T -- parallel real: 
\begin{equation*}
\begin{bmatrix}
0.965193 & 0.051115 & -0.256497
\end{bmatrix}
\end{equation*}

F -- parallel real: 
\begin{equation*}
\begin{bmatrix}
-4.29676e-07 & 0.000150455 & -0.0132263 \\ -0.000137004 & -7.04904e-06 & -0.424941 \\ 0.0109562 & 0.417858 & 1
\end{bmatrix}
\end{equation*}

E -- parallel real: 
\begin{equation*}
\begin{bmatrix}
-0.0011441 & 0.256827 & 0.0494144 \\ -0.232793 & -0.00627945 & -0.971162 \\ -0.0506966 & 0.965185 & -0.00758867
\end{bmatrix}
\end{equation*}

R -- parallel real: 
\begin{equation*}
\begin{bmatrix}
-0.9997 & 0.000256749 & -0.0244807 \\ -0.000417606 & -0.999978 & 0.00656588 \\ 0.0244785 & -0.00657414 & -0.999679
\end{bmatrix}
\end{equation*}

T -- parallel real: 
\begin{equation*}
\begin{bmatrix}
0.965193 & 0.051115 & -0.256497
\end{bmatrix}
\end{equation*}

F -- parallel real: 
\begin{equation*}
\begin{bmatrix}
-4.29676e-07 & 0.000150455 & -0.0132263 \\ -0.000137004 & -7.04904e-06 & -0.424941 \\ 0.0109562 & 0.417858 & 1
\end{bmatrix}
\end{equation*}

E -- parallel real: 
\begin{equation*}
\begin{bmatrix}
-0.0011441 & 0.256827 & 0.0494144 \\ -0.232793 & -0.00627945 & -0.971162 \\ -0.0506966 & 0.965185 & -0.00758867
\end{bmatrix}
\end{equation*}

R -- parallel real: 
\begin{equation*}
\begin{bmatrix}
-0.9997 & 0.000256749 & -0.0244807 \\ -0.000417606 & -0.999978 & 0.00656588 \\ 0.0244785 & -0.00657414 & -0.999679
\end{bmatrix}
\end{equation*}

T -- parallel real: 
\begin{equation*}
\begin{bmatrix}
0.965193 & 0.051115 & -0.256497
\end{bmatrix}
\end{equation*}

F -- parallel real: 
\begin{equation*}
\begin{bmatrix}
-4.29676e-07 & 0.000150455 & -0.0132263 \\ -0.000137004 & -7.04904e-06 & -0.424941 \\ 0.0109562 & 0.417858 & 1
\end{bmatrix}
\end{equation*}

E -- parallel real: 
\begin{equation*}
\begin{bmatrix}
-0.0011441 & 0.256827 & 0.0494144 \\ -0.232793 & -0.00627945 & -0.971162 \\ -0.0506966 & 0.965185 & -0.00758867
\end{bmatrix}
\end{equation*}

R -- parallel real: 
\begin{equation*}
\begin{bmatrix}
-0.9997 & 0.000256749 & -0.0244807 \\ -0.000417606 & -0.999978 & 0.00656588 \\ 0.0244785 & -0.00657414 & -0.999679
\end{bmatrix}
\end{equation*}

T -- parallel real: 
\begin{equation*}
\begin{bmatrix}
0.965193 & 0.051115 & -0.256497
\end{bmatrix}
\end{equation*}

F -- turned real: 
\begin{equation*}
\begin{bmatrix}
-5.64669e-07 & 4.34349e-05 & -0.0220842 \\ -3.6285e-05 & 2.06365e-06 & 0.138153 \\ 0.0202722 & -0.141181 & 1
\end{bmatrix}
\end{equation*}

E -- turned real: 
\begin{equation*}
\begin{bmatrix}
-0.00321248 & 0.272316 & -0.087248 \\ -0.228974 & 0.00998507 & 0.969691 \\ 0.0822613 & -0.958434 & 0.00543935
\end{bmatrix}
\end{equation*}

R -- turned real: 
\begin{equation*}
\begin{bmatrix}
-0.85993 & -0.164906 & -0.483038 \\ -0.161844 & 0.98563 & -0.0483654 \\ -0.484073 & -0.0365857 & 0.874263
\end{bmatrix}
\end{equation*}

T -- turned real: 
\begin{equation*}
\begin{bmatrix}
0.958239 & 0.0846855 & 0.273143
\end{bmatrix}
\end{equation*}

F -- turned real: 
\begin{equation*}
\begin{bmatrix}
-5.64669e-07 & 4.34349e-05 & -0.0220842 \\ -3.6285e-05 & 2.06365e-06 & 0.138153 \\ 0.0202722 & -0.141181 & 1
\end{bmatrix}
\end{equation*}

E -- turned real: 
\begin{equation*}
\begin{bmatrix}
-0.00321248 & 0.272316 & -0.087248 \\ -0.228974 & 0.00998507 & 0.969691 \\ 0.0822613 & -0.958434 & 0.00543935
\end{bmatrix}
\end{equation*}

R -- turned real: 
\begin{equation*}
\begin{bmatrix}
-0.85993 & -0.164906 & -0.483038 \\ -0.161844 & 0.98563 & -0.0483654 \\ -0.484073 & -0.0365857 & 0.874263
\end{bmatrix}
\end{equation*}

T -- turned real: 
\begin{equation*}
\begin{bmatrix}
0.958239 & 0.0846855 & 0.273143
\end{bmatrix}
\end{equation*}

F -- turned real: 
\begin{equation*}
\begin{bmatrix}
-5.64669e-07 & 4.34349e-05 & -0.0220842 \\ -3.6285e-05 & 2.06365e-06 & 0.138153 \\ 0.0202722 & -0.141181 & 1
\end{bmatrix}
\end{equation*}

E -- turned real: 
\begin{equation*}
\begin{bmatrix}
-0.00321248 & 0.272316 & -0.087248 \\ -0.228974 & 0.00998507 & 0.969691 \\ 0.0822613 & -0.958434 & 0.00543935
\end{bmatrix}
\end{equation*}

R -- turned real: 
\begin{equation*}
\begin{bmatrix}
-0.85993 & -0.164906 & -0.483038 \\ -0.161844 & 0.98563 & -0.0483654 \\ -0.484073 & -0.0365857 & 0.874263
\end{bmatrix}
\end{equation*}

T -- turned real: 
\begin{equation*}
\begin{bmatrix}
0.958239 & 0.0846855 & 0.273143
\end{bmatrix}
\end{equation*}

F -- turned real: 
\begin{equation*}
\begin{bmatrix}
-5.64669e-07 & 4.34349e-05 & -0.0220842 \\ -3.6285e-05 & 2.06365e-06 & 0.138153 \\ 0.0202722 & -0.141181 & 1
\end{bmatrix}
\end{equation*}

E -- turned real: 
\begin{equation*}
\begin{bmatrix}
-0.00321248 & 0.272316 & -0.087248 \\ -0.228974 & 0.00998507 & 0.969691 \\ 0.0822613 & -0.958434 & 0.00543935
\end{bmatrix}
\end{equation*}

R -- turned real: 
\begin{equation*}
\begin{bmatrix}
-0.85993 & -0.164906 & -0.483038 \\ -0.161844 & 0.98563 & -0.0483654 \\ -0.484073 & -0.0365857 & 0.874263
\end{bmatrix}
\end{equation*}

T -- turned real: 
\begin{equation*}
\begin{bmatrix}
0.958239 & 0.0846855 & 0.273143
\end{bmatrix}
\end{equation*}

